Time (s)  Current (mC) 
0.0 0.049343422037609 
0.1 0.20805899678360495 
0.2 0.2549023639480934 
0.30000000000000004 0.3947393053631306 
0.4 0.8236373653017298 
0.5 0.7316313068788766 
0.6000000000000001 0.8209314886121832 
0.7000000000000001 0.5896069190749665 
0.8 0.9247169673934919 
0.9 0.5199147533411071 
1.0 0.6957805035472054 
1.1 0.8322530884590075 
1.2000000000000002 0.17048892935071436 
1.3 0.9898758026032368 
1.4000000000000001 0.5973795904389428 
1.5 0.3549816133629906 
1.6 0.8910988732114243 
1.7000000000000002 0.590551624220213 
1.8 0.21687444292784275 
1.9000000000000001 0.400136768177913 
2.0 0.7394711983759801 
2.1 0.7180625710219273 
2.2 0.08571486121156313 
2.3000000000000003 0.6535010823617278 
2.4000000000000004 0.7039996735990481 
2.5 0.49412287619617257 
2.6 0.16719861076163423 
2.7 0.06527681913866012 
2.8000000000000003 0.4125919333316602 
2.9000000000000004 0.05973939718069454 
3.0 0.578706772254534 
3.1 0.5749997651866496 
3.2 0.6327168143637396 
3.3000000000000003 0.2672281969560626 
3.4000000000000004 0.13805424471970862 
3.5 0.7251615748804036 
3.6 0.07542420491664936 
3.7 0.7829196393089333 
3.8000000000000003 0.7725090443023759 
3.9000000000000004 0.6901058051458488 
4.0 0.26577014837655155 
4.1000000000000005 0.6698679002977358 
4.2 0.3141735000841491 
4.3 0.6782916860239241 
4.4 0.9700080578008428 
4.5 0.40379164579603644 
4.6000000000000005 0.359502434668467 
4.7 0.07415599152142305 
4.800000000000001 0.11494800793077542 
4.9 0.5414637516266435 
5.0 0.45062275463494705 
5.1000000000000005 0.8802876944147343 
5.2 0.7321021726371658 
5.300000000000001 0.10528549759172134 
5.4 0.297831667379968 
5.5 0.3391889493190967 
5.6000000000000005 0.2959969099167905 
5.7 0.3856454357621719 
5.800000000000001 0.37389014430305967 
5.9 0.14810665476520424 
6.0 0.1559178481372988 
6.1000000000000005 0.8075941890860769 
6.2 0.007785776527328481 
6.300000000000001 0.35728284518497666 
6.4 0.9096292563052393 
6.5 0.20611055627622243 
6.6000000000000005 0.4573608204884597 
6.7 0.7913047432157794 
6.800000000000001 0.7067626086535886 
6.9 0.18510257242960404 
7.0 0.5137703266485183 
7.1000000000000005 0.05582570748124538 
7.2 0.8306560901143872 
7.300000000000001 0.7556328793914837 
7.4 0.517586471782566 
7.5 0.22391249631535393 
7.6000000000000005 0.6056441016266968 
7.7 0.4322117537234731 
7.800000000000001 0.39020788477030033 
7.9 0.8027921671756354 
8.0 0.5735668085860121 
8.1 0.6947713005845674 
8.200000000000001 0.9626020284369962 
8.3 0.15379903676936035 
8.4 0.862940352205578 
8.5 0.14357831559012402 
8.6 0.9486955636318078 
8.700000000000001 0.2206042366542631 
8.8 0.8939435862526689 
8.9 0.8185153004208328 
9.0 0.20874802656460956 
9.1 0.8246683528676625 
9.200000000000001 0.37737477071431413 
9.3 0.3203348641363355 
9.4 0.5757536422247986 
9.5 0.9740206331280878 
9.600000000000001 0.8676201244289464 
9.700000000000001 0.6558443234826319 
9.8 0.6035221637686611 
9.9 0.5756307723811357 
10.0 0.21852950216952294 
10.100000000000001 0.9875123925768053 
10.200000000000001 0.4451073666996179 
10.3 0.23477334407133565 
10.4 0.53703341015724 
10.5 0.9738196105045455 
10.600000000000001 0.47560433658220425 
10.700000000000001 0.0938147973208282 
10.8 0.3712443716057605 
10.9 0.129055176465539 
11.0 0.12112119754783734 
11.100000000000001 0.11547578256207203 
11.200000000000001 0.6947124382207384 
11.3 0.920683630065848 
11.4 0.1831307841203862 
11.5 0.559043663141939 
11.600000000000001 0.9919647930560695 
11.700000000000001 0.99650767928425 
11.8 0.9398302615380231 
11.9 0.10270116864914114 
12.0 0.26725127678468197 
12.100000000000001 0.932571898033137 
12.200000000000001 0.5168800180283039 
12.3 0.9577731219748448 
12.4 0.4097431965560201 
12.5 0.5527650328607441 
12.600000000000001 0.007255085260199912 
12.700000000000001 0.7808068636569571 
12.8 0.2619236230100299 
12.9 0.4575253098150688 
13.0 0.3772080115684959 
13.100000000000001 0.7524588722691492 
13.200000000000001 0.6808942396795498 
13.3 0.1616826427965672 
13.4 0.7383777484045184 
13.5 0.18168608488607763 
13.600000000000001 0.43218223394344446 
13.700000000000001 0.4674301201483543 
13.8 0.4501830782004109 
13.9 0.6518331753097162 
14.0 0.7716374043140426 
14.100000000000001 0.10889291858844297 
14.200000000000001 0.6993685475125078 
14.3 0.7705539282528275 
14.4 0.8005735505819651 
14.5 0.16080380970807928 
14.600000000000001 0.25564421131607495 
14.700000000000001 0.6894611740980249 
14.8 0.8429755243999442 
14.9 0.24816182254969377 
15.0 0.7307206031456329 
15.100000000000001 0.29026305998900936 
15.200000000000001 0.20595812210580466 
15.3 0.47011623478113185 
15.4 0.9909178965559129 
15.5 0.1089731738254972 
15.600000000000001 0.027967010692307115 
15.700000000000001 0.7120572618122599 
15.8 0.8116304409848646 
15.9 0.5808384803677652 
16.0 0.13617995312738895 
16.1 0.4796141183904712 
16.2 0.42632060292624097 
16.3 0.30651221049520405 
16.400000000000002 0.9190738291093707 
16.5 0.7057706845892352 
16.6 0.4956813142009332 
16.7 0.05501723421861138 
16.8 0.4079674123653564 
16.900000000000002 0.16985602347164352 
17.0 0.7329715151251304 
17.1 0.1562890524733509 
17.2 0.5854292275215381 
17.3 0.3180734421459077 
17.400000000000002 0.69543937430316 
17.5 0.16824211943275336 
17.6 0.39105433376672294 
17.7 0.5319406710316047 
17.8 0.7134936034167738 
17.900000000000002 0.3796768617767301 
18.0 0.6180682964707551 
18.1 0.33864452678471313 
18.2 0.47551243885122874 
18.3 0.07295053913580318 
18.400000000000002 0.5190917331363349 
18.5 0.09130944813588682 
18.6 0.1803150735233423 
18.7 0.7081428365258707 
18.8 0.16719696796030736 
18.900000000000002 0.12129640028830957 
19.0 0.5919091179468575 
19.1 0.8527402433727846 
19.200000000000003 0.01794015137152105 
19.3 0.33046369144563303 
19.400000000000002 0.8597492621836358 
19.5 0.6183172456218068 
19.6 0.8363016273224436 
19.700000000000003 0.29095250485177593 
19.8 0.7538774487160191 
19.900000000000002 0.9187590498965056 
20.0 0.32651785269688127 
20.1 0.8093269987395582 
20.200000000000003 0.5276743688785677 
20.3 0.2925551114359325 
20.400000000000002 0.3879897194353914 
20.5 0.4241707182209945 
20.6 0.8054316984166159 
20.700000000000003 0.6035350649790755 
20.8 0.42456945264835066 
20.900000000000002 0.6053125807564067 
21.0 0.9680785986936303 
21.1 0.5038436377782507 
21.200000000000003 0.4590746762544481 
21.3 0.026913380930839947 
21.400000000000002 0.6397500932090432 
21.5 0.693724805619612 
21.6 0.792565311427513 
21.700000000000003 0.15026564869914694 
21.8 0.48187580687093934 
21.900000000000002 0.17960364742772905 
22.0 0.635059306464887 
22.1 0.9452693797213211 
22.200000000000003 0.7716533287514551 
22.3 0.1598228919902508 
22.400000000000002 0.11940379542660862 
22.5 0.40883265419165726 
22.6 0.327570512874544 
22.700000000000003 0.6949592243898434 
22.8 0.16759050368441475 
22.900000000000002 0.3381555325145139 
23.0 0.672760835389853 
23.1 0.5814024553265245 
23.200000000000003 0.6081577295540131 
23.3 0.9726674351648045 
23.400000000000002 0.611836684830409 
23.5 0.26569960288233163 
23.6 0.8629461331352394 
23.700000000000003 0.18967604606689736 
23.8 0.7413077548401732 
23.900000000000002 0.6691895310588312 
24.0 0.6124850493634582 
24.1 0.1839048826436458 
24.200000000000003 0.11516025453213219 
24.3 0.07748884635548325 
24.400000000000002 0.44544762431026785 
24.5 0.33600503395819115 
24.6 0.47952708328610705 
24.700000000000003 0.9385395726944312 
24.8 0.6224018163556116 
24.900000000000002 0.38154712229011634 
25.0 0.4333616089679315 
25.1 0.22325607673412307 
25.200000000000003 0.2143913211930596 
25.3 0.158339103014993 
25.400000000000002 0.21392411842490688 
25.5 0.7655638180383819 
25.6 0.4190288134521758 
25.700000000000003 0.6489669117167044 
25.8 0.7842494501920529 
25.900000000000002 0.6675024068312381 
26.0 0.1447249560651307 
26.1 0.8523402380177754 
26.200000000000003 0.06444672780617733 
26.3 0.7473979416021612 
26.400000000000002 0.4867647783488115 
26.5 0.022763960305353548 
26.6 0.2209723637444102 
26.700000000000003 0.8001758347489037 
26.8 0.18691334427588835 
26.900000000000002 0.12202048221850725 
27.0 0.22530044408012018 
27.1 0.16965632070029635 
27.200000000000003 0.5273483507642742 
27.3 0.8311080235132388 
27.400000000000002 0.8175154015221199 
27.5 0.9997672577616653 
27.6 0.8110115776814665 
27.700000000000003 0.20112654983411105 
27.8 0.9766561081344977 
27.900000000000002 0.7905468313020071 
28.0 0.27155416340856486 
28.1 0.3048733427982998 
28.200000000000003 0.21363226343510722 
28.3 0.2210741960053123 
28.400000000000002 0.5195358072576666 
28.5 0.6285896820593904 
28.6 0.8754332487825445 
28.700000000000003 0.6886736709788821 
28.8 0.49096636529935644 
28.900000000000002 0.22188680606503697 
29.0 0.8360724911388429 
29.1 0.6049461070486124 
29.200000000000003 0.47617498380736734 
29.3 0.9011585238100844 
29.400000000000002 0.35857940009450484 
29.5 0.856115629083204 
29.6 0.575418521641354 
29.700000000000003 0.5693143071126848 
29.8 0.34604905597234303 
29.900000000000002 0.2684122776496438 
30.0 0.4699177328368387 
30.1 0.9651536645489202 
30.200000000000003 0.6567693695163577 
30.3 0.9881404892610317 
30.400000000000002 0.23691236804211635 
30.5 0.4330616150841572 
30.6 0.5665673030467729 
30.700000000000003 0.43652668297215735 
30.8 0.09633296609020392 
30.900000000000002 0.664993495909995 
31.0 0.07056861909715606 
31.1 0.9974099801711561 
31.200000000000003 0.9498456775688829 
31.3 0.8267676569276003 
31.400000000000002 0.5293401986901519 
31.5 0.9241683352688508 
31.6 0.8885678400673874 
31.700000000000003 0.32582745171828775 
31.8 0.05837954764717601 
31.900000000000002 0.4988951604869376 
32.0 0.2999245024041486 
32.1 0.9287547234880171 
32.2 0.8924732817083146 
32.300000000000004 0.3971921390275248 
32.4 0.891849865893403 
32.5 0.4345957283226174 
32.6 0.8761612310089075 
32.7 0.263263868504359 
32.800000000000004 0.5500360974399106 
32.9 0.5029250608446426 
33.0 0.6174825391946126 
33.1 0.6363709249441639 
33.2 0.754004015883243 
33.300000000000004 0.5837915715335259 
33.4 0.3521301246061763 
33.5 0.3544360508087604 
33.6 0.717295692427234 
33.7 0.9486088982797937 
33.800000000000004 0.5300045316563284 
33.9 0.1337451909594043 
34.0 0.6826291828204862 
34.1 0.037349709705099765 
34.2 0.5485585989724111 
34.300000000000004 0.8648399862596714 
34.4 0.4487294209886421 
34.5 0.9018557519665813 
34.6 0.7620250943590929 
34.7 0.8371311046122426 
34.800000000000004 0.43525219066975696 
34.9 0.4245246824012173 
35.0 0.3399145681962852 
35.1 0.5437197266484616 
35.2 0.23651704692294262 
35.300000000000004 0.8543918172206246 
35.4 0.22768071552824842 
35.5 0.14427656349060625 
35.6 0.6718849008330959 
35.7 0.544209123273488 
35.800000000000004 0.7484673568240017 
35.9 0.6404633293958452 
36.0 0.3226509395439515 
36.1 0.9664160179697966 
36.2 0.4005388643665124 
36.300000000000004 0.5191977658685916 
36.4 0.35593938941406555 
36.5 0.06796446978448589 
36.6 0.5649848834685834 
36.7 0.47628283867463106 
36.800000000000004 0.867998395407182 
36.9 0.17560106998280645 
37.0 0.7993136406738007 
37.1 0.21613731659610103 
37.2 0.7524925663264846 
37.300000000000004 0.30315330979227595 
37.4 0.7916339582954839 
37.5 0.4071948905444497 
37.6 0.5123390515734206 
37.7 0.8650885185254162 
37.800000000000004 0.10102555127873036 
37.9 0.15561168347824028 
38.0 0.13768449110866499 
38.1 0.05864863337853132 
38.2 0.5610549189989263 
38.300000000000004 0.4788100350756519 
38.400000000000006 0.28378607768140296 
38.5 0.5583491449141879 
38.6 0.2668337005230086 
38.7 0.1975251087424823 
38.800000000000004 0.8539684910566558 
38.900000000000006 0.39278626457468047 
39.0 0.876194112679037 
39.1 0.6537130022786319 
39.2 0.5654477609202958 
39.300000000000004 0.49801897947674745 
39.400000000000006 0.13922228338646514 
39.5 0.6238551566428002 
39.6 0.7617235022918116 
39.7 0.13418300966095187 
39.800000000000004 0.21614782911267438 
39.900000000000006 0.3198715027718305 
40.0 0.41879717498970925 
40.1 0.3422402202361132 
40.2 0.9346869476932783 
40.300000000000004 0.7057282819360786 
40.400000000000006 0.5873672319541413 
40.5 0.5118622655297365 
40.6 0.2537308150058173 
40.7 0.9627323122370754 
40.800000000000004 0.6874594132198061 
40.900000000000006 0.11150396749289826 
41.0 0.9825294081224905 
41.1 0.14827569029443 
41.2 0.8169143689898611 
41.300000000000004 0.9385446799280787 
41.400000000000006 0.5704274488617157 
41.5 0.04366067084433367 
41.6 0.9021798845760087 
41.7 0.35239950182246527 
41.800000000000004 0.8406861215280209 
41.900000000000006 0.8053401861478225 
42.0 0.44500703401855 
42.1 0.7547674107372863 
42.2 0.7652355886606961 
42.300000000000004 0.027340980418179783 
42.400000000000006 0.43460963833302624 
42.5 0.8650877393054474 
42.6 0.4750442285367181 
42.7 0.7127828515154419 
42.800000000000004 0.13314113218978196 
42.900000000000006 0.36662984790770436 
43.0 0.7789678337987583 
43.1 0.287316240995641 
43.2 0.292461694764409 
43.300000000000004 0.2271101639724067 
43.400000000000006 0.5042812908973162 
43.5 0.7439271368256509 
43.6 0.41780159212439594 
43.7 0.07470055573231471 
43.800000000000004 0.8144233721530083 
43.900000000000006 0.27056728960233656 
44.0 0.7240175934085662 
44.1 0.23568003636996426 
44.2 0.2514354621868895 
44.300000000000004 0.7697481935171303 
44.400000000000006 0.7812258880416049 
44.5 0.8648219198551063 
44.6 0.44692162976598804 
44.7 0.9049586386949183 
44.800000000000004 0.4466212120081413 
44.900000000000006 0.8419189344535957 
45.0 0.13798091775250898 
45.1 0.381497024309011 
45.2 0.5978311168350042 
45.300000000000004 0.01716412364621034 
45.400000000000006 0.9847230675911353 
45.5 0.6151680972358855 
45.6 0.7902212506377108 
45.7 0.3626580151702701 
45.800000000000004 0.9464326860504785 
45.900000000000006 0.5970366228012713 
46.0 0.38748516333810534 
46.1 0.5223278511680829 
46.2 0.6315723212039628 
46.300000000000004 0.9694279832937834 
46.400000000000006 0.9725122700417238 
46.5 0.41462741793055247 
46.6 0.7093585201013491 
46.7 0.3533723986020837 
46.800000000000004 0.936080211693395 
46.900000000000006 0.5277507643935481 
47.0 0.3251773460027625 
47.1 0.247821881813573 
47.2 0.8918926396139529 
47.300000000000004 0.1805253213532716 
47.400000000000006 0.2728271188644631 
47.5 0.12009718863698249 
47.6 0.38875234471020315 
47.7 0.3558577665215835 
47.800000000000004 0.7827645921193218 
47.900000000000006 0.0601625433091596 
48.0 0.02335780271276655 
48.1 0.597143715403335 
48.2 0.2614690653457483 
48.300000000000004 0.14551588949497396 
48.400000000000006 0.37450878838042123 
48.5 0.015116514474648124 
48.6 0.939370897876558 
48.7 0.9923550110748596 
48.800000000000004 0.5977878700824529 
48.900000000000006 0.7502962195118336 
49.0 0.4735619795810684 
49.1 0.4296004272357711 
49.2 0.06951860575441104 
49.300000000000004 0.17652365571164608 
49.400000000000006 0.6646789132838472 
49.5 0.5413989054080093 
49.6 0.9995984032081187 
49.7 0.545997312086556 
49.800000000000004 0.3617037768019 
49.900000000000006 0.08021261907344135 
50.0 0.1906505165100798 
50.1 0.8078956411758268 
50.2 0.8246340183048362 
50.300000000000004 0.44343026883457026 
50.400000000000006 0.15501180910902368 
50.5 0.12150897310251707 
50.6 0.49543245033009775 
50.7 0.26435697619104626 
50.800000000000004 0.25994692715502066 
50.900000000000006 0.3081081388043677 
51.0 0.9138274401948042 
51.1 0.22282237291617246 
51.2 0.6732707301025715 
51.300000000000004 0.6833743066457328 
51.400000000000006 0.13128023136769706 
51.5 0.7507826101581675 
51.6 0.24358206630252022 
51.7 0.47057332785900907 
51.800000000000004 0.3397991079253925 
51.900000000000006 0.4095379431706787 
52.0 0.7477431919658348 
52.1 0.8505393720108382 
52.2 0.29234338486175937 
52.300000000000004 0.5657464836765529 
52.400000000000006 0.4768604720723659 
52.5 0.08437942043675362 
52.6 0.5389356606258082 
52.7 0.7704264602359844 
52.800000000000004 0.2536332808399838 
52.900000000000006 0.45346609080247025 
53.0 0.12861464870767614 
53.1 0.14968816223247772 
53.2 0.9962748178271078 
53.300000000000004 0.15101484672925092 
53.400000000000006 0.17243149258297408 
53.5 0.32872797461767955 
53.6 0.00715879224346494 
53.7 0.3903214512373413 
53.800000000000004 0.6528922777691121 
53.900000000000006 0.4197258307541365 
54.0 0.3744881391778685 
54.1 0.2435829871517904 
54.2 0.2776540467426386 
54.300000000000004 0.934854303323277 
54.400000000000006 0.4402417965401755 
54.5 0.030570417493330115 
54.6 0.7788979435928873 
54.7 0.35223693126448863 
54.800000000000004 0.08107450710608555 
54.900000000000006 0.26529860944349304 
55.0 0.580530272327085 
55.1 0.4920369085554316 
55.2 0.8861553105889495 
55.300000000000004 0.5070618171726993 
55.400000000000006 0.5318356067661822 
55.5 0.8782217044298565 
55.6 0.2635908210046326 
55.7 0.31704810071742695 
55.800000000000004 0.2086254836406628 
55.900000000000006 0.8332901623634105 
56.0 0.1478546199769244 
56.1 0.12638990095508884 
56.2 0.5571479535579147 
56.300000000000004 0.7078535556902692 
56.400000000000006 0.26263619005091576 
56.5 0.522459490536633 
56.6 0.5909026473363318 
56.7 0.3687764704500781 
56.800000000000004 0.002467930360049553 
56.900000000000006 0.6845482606684391 
57.0 0.8428668221115062 
57.1 0.5246013179529251 
57.2 0.7232107875902121 
57.300000000000004 0.9322435489182469 
57.400000000000006 0.8971901017901333 
57.5 0.19401405749909262 
57.6 0.24914396617774448 
57.7 0.8064443324270845 
57.800000000000004 0.36364787619555416 
57.900000000000006 0.19480021320664942 
58.0 0.7428479577961298 
58.1 0.9392321002869364 
58.2 0.4627775937144658 
58.300000000000004 0.38357796078550455 
58.400000000000006 0.10296350398589349 
58.5 0.6433959239165321 
58.6 0.8631643047652184 
58.7 0.7646484131517286 
58.800000000000004 0.14697335832345426 
58.900000000000006 0.028326062303073996 
59.0 0.9478888230266734 
59.1 0.6080899898917445 
59.2 0.4145586515069295 
59.300000000000004 0.032470790662944116 
59.400000000000006 0.9519399765558539 
59.5 0.6066227054377631 
59.6 0.43105895542419614 
59.7 0.3927503009754405 
59.800000000000004 0.9513649643324658 
59.900000000000006 0.5905215896703917 
60.0 0.6649220692390884 
60.1 0.30852289699937085 
60.2 0.6570270768520202 
60.300000000000004 0.37942551607874164 
60.400000000000006 0.9703066864038351 
60.5 0.3935373528720577 
60.6 0.5258731314959629 
60.7 0.8674943797079796 
60.800000000000004 0.999241133393193 
60.900000000000006 0.31789749777050935 
61.0 0.9450850644502103 
61.1 0.457490132184897 
61.2 0.4635922738910748 
61.300000000000004 0.20124487130633506 
61.400000000000006 0.02824442706674546 
61.5 0.33890424689129806 
61.6 0.5804562837586977 
61.7 0.16373317812721377 
61.800000000000004 0.34953740619178664 
61.900000000000006 0.05685927722458517 
62.0 0.844648670468682 
62.1 0.42726721001728607 
62.2 0.3431454996921601 
62.300000000000004 0.35621402610764485 
62.400000000000006 0.39362348954478965 
62.5 0.5790842989778957 
62.6 0.6298222884083428 
62.7 0.3970702106732934 
62.800000000000004 0.5102874223106816 
62.900000000000006 0.6709535713571473 
63.0 0.0021428782527674883 
63.1 0.9585605436129432 
63.2 0.7938114709168768 
63.300000000000004 0.07827187241678613 
63.400000000000006 0.6258117599259877 
63.5 0.22918629782500322 
63.6 0.18952450111505903 
63.7 0.7078586494224601 
63.800000000000004 0.2117864393057146 
63.900000000000006 0.7306862097779453 
64.0 0.8384090303815976 
64.10000000000001 0.6555750231993118 
64.2 0.19010277342138548 
64.3 0.001035050588371611 
64.4 0.449534149125986 
64.5 0.45843919424701063 
64.60000000000001 0.41792017639953627 
64.7 0.7417908652509436 
64.8 0.1146226941191838 
64.9 0.38662333960682727 
65.0 0.8067898889994337 
65.10000000000001 0.16842617220567235 
65.2 0.6368620063806368 
65.3 0.3547894764457319 
65.4 0.4259453525582695 
65.5 0.9129946860397906 
65.60000000000001 0.47681339959330205 
65.7 0.4777401148748144 
65.8 0.08797103265890294 
65.9 0.3109226045740803 
66.0 0.09396190965407147 
66.10000000000001 0.534813590676355 
66.2 0.5503345023268559 
66.3 0.5438012892464863 
66.4 0.6028845913108112 
66.5 0.1831637602003312 
66.60000000000001 0.8702112058731104 
66.7 0.24757054467392936 
66.8 0.37181045897287923 
66.9 0.2562306837970878 
67.0 0.46095611285351823 
67.10000000000001 0.22659005813214872 
67.2 0.23061859784726146 
67.3 0.23990979262534406 
67.4 0.554247390062548 
67.5 0.1486218949833904 
67.60000000000001 0.4172547183009323 
67.7 0.29745200099671176 
67.8 0.9076079824288599 
67.9 0.518812450655489 
68.0 0.35560984486333047 
68.10000000000001 0.5947013678741505 
68.2 0.9460816605716512 
68.3 0.6737510517507111 
68.4 0.6304484624834706 
68.5 0.9410551915744195 
68.60000000000001 0.2831257110349915 
68.7 0.8060432550803205 
68.8 0.24314246953035512 
68.9 0.6943294914766484 
69.0 0.8205834281624833 
69.10000000000001 0.9383394144315014 
69.2 0.4734188630067364 
69.3 0.8047424243184385 
69.4 0.7313817265027647 
69.5 0.986065793182824 
69.60000000000001 0.9907258277849305 
69.7 0.890473771296317 
69.8 0.9780982062737026 
69.9 0.2877941978077576 
70.0 0.6075337632211777 
70.10000000000001 0.6235227726416919 
70.2 0.7303343785672393 
70.3 0.6923929504415539 
70.4 0.22336669094637507 
70.5 0.11863633739410306 
70.60000000000001 0.8040681462126936 
70.7 0.3604146307684538 
70.8 0.0779570876967679 
70.9 0.3875979343329169 
71.0 0.1379876788768517 
71.10000000000001 0.5052329760006075 
71.2 0.8707581329315732 
71.3 0.39276205057774605 
71.4 0.9175931345711484 
71.5 0.6120949639570896 
71.60000000000001 0.2871599824425273 
71.7 0.48870798671152393 
71.8 0.6928696723038947 
71.9 0.11403101113920489 
72.0 0.27624470590563166 
72.10000000000001 0.04748724470539345 
72.2 0.3744286843507355 
72.3 0.7027065535165461 
72.4 0.621891039083287 
72.5 0.3092878586712938 
72.60000000000001 0.36330450208636333 
72.7 0.8538646580591411 
72.8 0.7316005633181396 
72.9 0.8843802387648485 
73.0 0.7385418849564238 
73.10000000000001 0.9255487137756941 
73.2 0.708292243586902 
73.3 0.546766879206655 
73.4 0.30796839613215454 
73.5 0.5742055080734306 
73.60000000000001 0.9778240742569894 
73.7 0.5222457181512066 
73.8 0.25284500990933356 
73.9 0.22672830382630116 
74.0 0.2353622044029574 
74.10000000000001 0.9542210134615285 
74.2 0.4361322210859827 
74.3 0.40482824417774443 
74.4 0.21317240170070106 
74.5 0.18364372622688474 
74.60000000000001 0.6090687872297323 
74.7 0.462001814408295 
74.8 0.5069906189572455 
74.9 0.459477308004435 
75.0 0.620269704169475 
75.10000000000001 0.2023892497801837 
75.2 0.9590205788823664 
75.3 0.6735383943112855 
75.4 0.692362469445111 
75.5 0.5134922861803357 
75.60000000000001 0.8686399849830285 
75.7 0.7970781755937245 
75.8 0.9729383106709271 
75.9 0.4828401884261836 
76.0 0.866277948241407 
76.10000000000001 0.7139905391469287 
76.2 0.28194269681910433 
76.3 0.7334177505604326 
76.4 0.18192320174715382 
76.5 0.39002831908453917 
76.60000000000001 0.4949716615673475 
76.7 0.447459390635478 
76.80000000000001 0.4598867223082387 
76.9 0.17725294000292824 
77.0 0.659243630127057 
77.10000000000001 0.6065561642015717 
77.2 0.4385769097454817 
77.30000000000001 0.8639103708628589 
77.4 0.13372178975410964 
77.5 0.6569521808105679 
77.60000000000001 0.13269741155674197 
77.7 0.36616104090878043 
77.80000000000001 0.2327730163909535 
77.9 0.3603862133526965 
78.0 0.47414753074041016 
78.10000000000001 0.957922398375746 
78.2 0.5228850673471613 
78.30000000000001 0.7834548247527133 
78.4 0.298011339771753 
78.5 0.7852264981553484 
78.60000000000001 0.6158628834590942 
78.7 0.7705338743416685 
78.80000000000001 0.23813396409317777 
78.9 0.9973463727668862 
79.0 0.15077844298203746 
79.10000000000001 0.29816153547039426 
79.2 0.03443475323391454 
79.30000000000001 0.16768355714250305 
79.4 0.06984013141085355 
79.5 0.675208864679902 
79.60000000000001 0.36910987870484946 
79.7 0.6415302136283051 
79.80000000000001 0.20154255926103448 
79.9 0.47155738406860204 
80.0 0.4544280373144104 
80.10000000000001 0.9209822776557158 
80.2 0.8378407586936466 
80.30000000000001 0.40221922508160757 
80.4 0.958666540950126 
80.5 0.278729927861201 
80.60000000000001 0.43829004365320723 
80.7 0.4293587348616258 
80.80000000000001 0.891109889564298 
80.9 0.3219644443851386 
81.0 0.053977970573124257 
81.10000000000001 0.9889441918691407 
81.2 0.9689450934028845 
81.30000000000001 0.37798688339995545 
81.4 0.14204573484029137 
81.5 0.21045253494425709 
81.60000000000001 0.27648405737049575 
81.7 0.5324961931494285 
81.80000000000001 0.4389401523387344 
81.9 0.7466282783613127 
82.0 0.726517025656373 
82.10000000000001 0.6686634514254062 
82.2 0.05749337967014467 
82.30000000000001 0.39852914295624575 
82.4 0.33222647970905994 
82.5 0.3195752472672626 
82.60000000000001 0.894654058715623 
82.7 0.26932110948466215 
82.80000000000001 0.18463278099829894 
82.9 0.4070989929547085 
83.0 0.24450802748000888 
83.10000000000001 0.8970180065470212 
83.2 0.15174303168754089 
83.30000000000001 0.9311087011416612 
83.4 0.6959668840214094 
83.5 0.2360843219882075 
83.60000000000001 0.014202745294856878 
83.7 0.32438451633233034 
83.80000000000001 0.6585276901331588 
83.9 0.6674303237516187 
84.0 0.049898985894022974 
84.10000000000001 0.1455770029690585 
84.2 0.9504546476074597 
84.30000000000001 0.9290140520367761 
84.4 0.47097331845975177 
84.5 0.7439186615830288 
84.60000000000001 0.9629510288445259 
84.7 0.3935718477538783 
84.80000000000001 0.37512789654950207 
84.9 0.30865137948146937 
85.0 0.18713324954450272 
85.10000000000001 0.35863504048633654 
85.2 0.04509995931916766 
85.30000000000001 0.5050136351307298 
85.4 0.17713951166991104 
85.5 0.7588384369582736 
85.60000000000001 0.8480373518217693 
85.7 0.030985986753904626 
85.80000000000001 0.970539482171385 
85.9 0.6635426663623137 
86.0 0.2329254549840205 
86.10000000000001 0.49200134412262464 
86.2 0.3985964015914363 
86.30000000000001 0.5895749649288382 
86.4 0.3459550070036703 
86.5 0.0455038751361474 
86.60000000000001 0.6163384455227436 
86.7 0.7258074389205837 
86.80000000000001 0.8787575208745197 
86.9 0.06072734102809196 
87.0 0.5207772556923354 
87.10000000000001 0.1946422577884619 
87.2 0.11115683933404696 
87.30000000000001 0.03728724345409784 
87.4 0.8902858669591432 
87.5 0.5735637472049054 
87.60000000000001 0.6484791173425462 
87.7 0.09610410177549611 
87.80000000000001 0.5163441761902214 
87.9 0.9412296513566853 
88.0 0.1459779242466922 
88.10000000000001 0.1592211059497185 
88.2 0.5868691456499281 
88.30000000000001 0.9205610682899219 
88.4 0.5761641410793686 
88.5 0.22883461263893468 
88.60000000000001 0.3915985329073164 
88.7 0.9513429220040862 
88.80000000000001 0.710338557408728 
88.9 0.041376586830683126 
89.0 0.3689939105629584 
89.10000000000001 0.646328446500795 
89.2 0.11936426742442152 
89.30000000000001 0.9960821761778563 
89.4 0.820470445456331 
89.5 0.9111366478340474 
89.60000000000001 0.05769878808312179 
89.7 0.8781572354004451 
89.80000000000001 0.7646719118346151 
89.9 0.3875932142360893 
90.0 0.5796741041064976 
90.10000000000001 0.7521697784191446 
90.2 0.864249546663874 
90.30000000000001 0.02757729042413004 
90.4 0.14477592732632716 
90.5 0.21126451421893166 
90.60000000000001 0.14717107319521494 
90.7 0.8148390186640005 
90.80000000000001 0.269389474594356 
90.9 0.8684421755618829 
91.0 0.7915735055578168 
91.10000000000001 0.014573673190854453 
91.2 0.99970394022074 
91.30000000000001 0.36549491945965373 
91.4 0.8278309652857625 
91.5 0.6286704508650383 
91.60000000000001 0.9518701545264634 
91.7 0.019886329158438132 
91.80000000000001 0.9873290767938357 
91.9 0.7283856985060849 
92.0 0.7198014703629371 
92.10000000000001 0.4508557504807057 
92.2 0.3387609432929596 
92.30000000000001 0.43958892912559866 
92.4 0.34450368031307943 
92.5 0.5330339361412403 
92.60000000000001 0.6785986519085534 
92.7 0.09038834722641842 
92.80000000000001 0.5101376419619107 
92.9 0.1707495138702786 
93.0 0.4603504027730876 
93.10000000000001 0.7620959554541795 
93.2 0.6385467416778198 
93.30000000000001 0.7575657562628865 
93.4 0.4870981817666067 
93.5 0.8597880584637513 
93.60000000000001 0.8274229513398508 
93.7 0.09058017148981146 
93.80000000000001 0.853293197250297 
93.9 0.5481996706001554 
94.0 0.8433981988249374 
94.10000000000001 0.2467606028917131 
94.2 0.5222418364962403 
94.30000000000001 0.8444301181114502 
94.4 0.57705971245144 
94.5 0.008832644158094927 
94.60000000000001 0.6069915164125382 
94.7 0.14036434927559005 
94.80000000000001 0.40651155732281785 
94.9 0.43411747908331555 
95.0 0.041453022522545346 
95.10000000000001 0.31272041027176056 
95.2 0.21825093072454527 
95.30000000000001 0.11435414864990145 
95.4 0.2370022428081282 
95.5 0.6902460423653013 
95.60000000000001 0.21695330419378056 
95.7 0.1968062499651818 
95.80000000000001 0.7308321008135448 
95.9 0.7865043052586427 
96.0 0.24871102762373898 
96.10000000000001 0.06003596690482782 
96.2 0.4517981478238542 
96.30000000000001 0.43326035025586507 
96.4 0.21887137662118594 
96.5 0.35470454312380384 
96.60000000000001 0.6424544933120442 
96.7 0.4848448898401989 
96.80000000000001 0.37324368631571236 
96.9 0.7127636293559658 
97.0 0.40910765275724714 
97.10000000000001 0.7115504610921046 
97.2 0.8805518460577185 
97.30000000000001 0.6105475077741928 
97.4 0.8200666319781953 
97.5 0.17256584791781993 
97.60000000000001 0.4059492030041144 
97.7 0.601454595244649 
97.80000000000001 0.34632580552555936 
97.9 0.22874582091997764 
98.0 0.9638482366998218 
98.10000000000001 0.4473365707053397 
98.2 0.2268648287230337 
98.30000000000001 0.8985976545918047 
98.4 0.9812219173277048 
98.5 0.656406567585929 
98.60000000000001 0.2789444467010461 
98.7 0.4569992687192187 
98.80000000000001 0.4507098380195641 
98.9 0.9727238058993162 
99.0 0.28310862497884604 
99.10000000000001 0.9343553603849603 
99.2 0.8408792126468767 
99.30000000000001 0.7390276969586115 
99.4 0.8832194598188 
99.5 0.9331098092890813 
99.60000000000001 0.06471475706249064 
99.7 0.20641609022990082 
99.80000000000001 0.730788205678287 
99.9 0.6033556516290018 
